748
0 0 0 11
0 12 2 15
0 16 3 18
0 19 2 22
0 23 0 34
0 35 11 35
0 36 11 36
0 37 3 39
0 40 11 40
0 41 3 43
0 44 11 44
0 45 1 50
0 51 3 53
0 54 2 57
0 58 5 59
1 0 1 11
1 23 6 24
1 25 12 25
1 26 4 28
1 29 4 31
1 32 4 34
2 0 2 11
2 45 5 47
2 48 7 49
2 50 13 50
3 0 3 11
3 12 5 15
3 21 14 21
3 54 14 54
3 55 8 56
3 57 14 57
4 0 5 5
4 6 7 8
4 9 9 10
4 11 15 11
4 16 6 19
4 37 15 37
4 38 15 38
4 41 15 41
4 42 9 43
4 51 7 53
5 22 16 22
5 26 8 28
5 31 7 34
6 0 9 2
6 12 9 14
6 29 17 29
6 45 17 45
6 46 11 47
6 58 17 58
6 59 17 59
7 5 18 5
7 15 12 16
7 17 12 18
7 19 18 19
7 23 12 24
8 7 13 8
8 31 19 31
8 32 19 32
8 33 19 33
8 34 19 34
8 48 13 49
8 51 19 51
8 52 13 53
9 26 14 27
9 28 20 28
9 55 20 55
9 56 20 56
10 0 12 3
10 9 21 9
10 10 21 10
10 13 21 13
10 42 21 42
10 43 21 43
12 4 23 4
12 12 23 12
12 30 23 30
12 35 17 36
12 40 23 40
12 44 23 44
12 46 23 46
12 47 23 47
13 0 18 1
13 6 24 6
13 18 24 18
13 25 24 25
14 2 25 2
14 7 19 8
14 14 17 16
14 20 25 20
14 49 25 49
14 52 19 53
15 21 26 21
15 54 26 54
16 11 27 11
16 37 27 37
16 41 27 41
16 57 27 57
17 24 28 24
18 15 29 15
18 23 29 23
18 35 29 35
18 58 29 58
18 59 29 59
19 0 30 0
19 1 30 1
19 5 30 5
19 19 30 19
19 36 30 36
20 7 25 8
20 14 31 14
20 39 31 39
20 48 31 48
20 50 23 52
20 53 31 53
21 55 32 55
21 56 32 56
22 9 33 9
22 22 33 22
22 42 27 43
23 10 34 10
23 28 34 28
23 31 25 34
24 4 35 4
24 12 35 12
24 26 35 26
24 52 35 52
25 18 36 18
25 25 36 25
26 2 31 3
26 6 29 8
26 20 37 20
26 29 31 30
26 49 29 51
27 16 32 17
27 21 38 21
27 38 38 38
27 54 38 54
28 32 39 32
28 37 39 37
28 40 33 41
28 43 39 43
28 57 39 57
29 24 40 24
29 27 40 27
29 42 40 42
29 47 40 47
30 6 35 7
30 8 41 8
30 49 33 51
30 58 35 59
31 0 36 1
31 5 42 5
31 23 42 23
31 33 36 34
31 36 42 36
32 2 43 2
32 3 43 3
32 14 43 14
32 48 43 48
32 53 43 53
33 16 44 16
33 17 44 17
33 55 38 56
34 29 45 29
34 35 45 35
34 41 45 41
34 49 37 51
35 10 40 11
36 4 47 4
36 6 41 7
36 12 41 13
36 26 47 26
36 30 47 30
36 45 47 45
37 0 42 1
37 18 42 19
37 25 48 25
37 33 48 33
37 34 48 34
37 44 48 44
37 46 48 46
38 15 49 15
38 20 49 20
38 40 49 40
38 49 43 50
39 21 50 21
40 37 43 39
40 43 51 43
40 54 42 57
41 10 52 10
41 24 52 24
41 27 52 27
41 42 52 42
41 47 52 47
42 6 44 9
43 0 54 0
43 1 54 1
43 5 54 5
43 19 54 19
43 31 54 31
43 32 54 32
43 36 54 36
43 52 54 52
43 54 54 54
43 55 45 58
44 2 49 3
44 11 46 14
44 37 47 39
44 48 47 50
44 53 55 53
45 6 47 9
45 16 48 18
45 51 56 51
46 28 51 29
46 41 57 41
46 57 57 57
47 11 58 11
47 13 58 13
47 55 58 55
48 4 59 4
48 9 59 9
48 26 59 26
48 35 59 35
48 38 59 38
48 49 53 50
49 16 60 16
49 17 60 17
49 25 60 25
49 33 54 34
49 44 54 45
49 46 60 46
50 2 55 3
50 37 61 37
51 20 56 21
52 6 63 6
52 28 55 30
52 43 63 43
53 10 64 10
53 24 64 24
53 27 64 27
53 47 58 48
54 12 65 12
55 0 60 1
55 5 66 5
55 18 60 19
55 31 66 31
55 32 66 32
55 33 60 34
55 36 66 36
55 40 66 40
55 45 66 45
55 50 66 50
55 52 66 52
56 2 61 3
56 28 59 30
56 42 67 42
56 56 67 56
57 20 59 23
57 44 68 44
57 51 68 51
58 14 69 14
58 41 69 41
58 54 69 54
59 8 70 8
59 11 70 11
59 13 70 13
60 4 71 4
60 20 63 22
60 26 71 26
60 28 71 28
60 29 71 29
60 35 71 35
60 38 71 38
60 53 71 53
60 55 71 55
60 59 71 59
61 0 72 0
61 15 72 15
61 16 63 19
61 25 72 25
61 33 66 34
61 39 72 39
61 46 63 49
62 1 67 2
62 3 73 3
62 37 73 37
62 57 67 58
63 7 74 7
64 6 75 6
64 16 65 21
64 43 75 43
65 9 70 10
65 48 76 48
66 12 77 12
66 16 69 18
66 19 69 21
66 30 77 30
66 49 77 49
67 31 69 34
67 45 72 46
67 50 78 50
67 52 78 52
68 1 73 2
68 40 79 40
68 56 79 56
68 57 79 57
69 36 80 36
69 44 80 44
70 14 81 14
70 16 71 21
70 22 81 22
70 23 75 24
70 31 73 33
70 34 81 34
70 41 81 41
71 8 76 9
71 10 76 11
71 47 82 47
71 51 82 51
72 4 77 5
72 16 75 18
72 19 75 21
72 28 77 29
72 35 83 35
72 38 83 38
72 53 75 55
72 59 83 59
73 0 84 0
73 15 84 15
73 25 78 26
73 39 84 39
73 45 78 46
74 1 77 3
74 31 79 32
74 33 85 33
74 37 85 37
76 6 81 7
76 16 81 17
76 18 78 21
76 23 87 23
76 24 87 24
76 43 87 43
76 53 79 55
77 8 79 11
77 13 88 13
78 1 80 4
78 27 81 29
78 30 89 30
79 19 90 19
79 20 90 20
79 25 90 25
79 45 84 46
80 8 82 11
80 31 91 31
80 32 91 32
80 40 91 40
80 52 83 54
80 55 91 55
80 57 91 57
81 1 92 1
81 2 92 2
81 3 92 3
81 44 92 44
82 5 87 6
82 14 93 14
82 16 87 17
82 28 87 29
82 34 93 34
82 41 87 42
82 56 93 56
83 7 88 8
83 9 94 9
83 10 94 10
83 21 94 21
83 26 94 26
83 47 88 48
84 38 95 38
84 52 87 54
84 59 95 59
85 15 96 15
85 46 96 46
85 51 96 51
86 22 97 22
86 39 97 39
87 35 92 36
88 6 99 6
88 16 91 18
88 23 99 23
88 24 99 24
88 27 93 28
88 41 93 42
88 43 99 43
88 49 99 49
88 52 93 53
88 58 99 58
89 8 100 8
89 12 94 13
89 29 100 29
89 54 100 54
90 30 101 30
91 19 96 20
91 25 102 25
91 47 96 48
92 7 103 7
92 11 103 11
92 16 95 18
92 31 95 33
92 40 103 40
92 50 103 50
92 57 103 57
93 0 95 3
93 35 104 35
93 44 104 44
94 4 105 4
94 27 99 28
94 34 105 34
94 36 105 36
94 41 105 41
94 42 105 42
94 52 105 52
94 53 105 53
94 56 105 56
95 9 100 10
95 13 106 13
95 21 106 21
95 26 106 26
96 0 98 3
96 16 107 16
96 17 107 17
96 18 107 18
96 37 101 38
96 59 107 59
97 19 102 20
97 33 108 33
97 46 108 46
97 51 108 51
98 22 109 22
98 31 103 32
99 0 101 3
99 48 110 48
99 55 110 55
100 6 111 6
100 24 111 24
100 27 105 28
100 43 111 43
100 49 111 49
100 58 111 58
101 8 112 8
101 47 112 47
102 1 105 3
102 37 105 39
103 19 114 19
103 25 114 25
103 29 114 29
104 7 115 7
104 20 115 20
105 5 116 5
105 44 110 45
106 1 111 2
106 3 111 4
106 11 117 11
106 12 117 12
106 27 117 27
106 28 117 28
106 31 117 31
106 34 111 35
106 38 117 38
106 40 109 42
106 52 117 52
106 56 111 57
107 13 118 13
107 21 118 21
107 26 118 26
107 53 118 53
108 0 119 0
108 15 113 16
108 17 119 17
108 18 119 18
108 23 119 23
108 39 119 39
108 59 119 59
109 32 114 33
109 46 120 46
110 9 121 9
110 14 121 14
110 42 121 42
110 51 121 51
111 44 116 45
111 48 122 48
111 54 116 55
112 1 117 2
112 34 115 36
112 37 123 37
112 43 123 43
112 49 123 49
112 56 115 58
113 6 124 6
113 8 124 8
113 47 124 47
114 16 125 16
114 41 125 41
115 10 126 10
115 19 126 19
115 25 126 25
116 7 127 7
116 20 127 20
116 32 118 35
116 57 121 58
117 5 128 5
117 40 128 40
117 44 122 45
117 54 122 55
118 11 123 12
118 15 129 15
118 28 129 28
118 36 129 36
118 38 129 38
118 52 129 52
119 1 122 3
119 26 124 27
119 30 130 30
119 32 130 32
119 33 122 35
119 50 130 50
120 0 131 0
120 17 125 18
120 21 131 21
120 31 131 31
120 59 131 59
121 46 132 46
122 9 133 9
122 13 127 14
122 42 133 42
122 51 133 51
122 56 125 58
123 2 134 2
123 29 134 29
123 33 128 34
123 35 134 35
123 39 134 39
123 44 128 45
123 48 134 48
123 53 126 55
124 1 135 1
124 11 129 12
124 37 135 37
124 43 135 43
125 8 136 8
125 47 136 47
126 3 131 4
126 16 129 18
126 23 131 24
126 56 129 58
127 19 138 19
127 25 130 27
127 41 138 41
127 53 130 55
128 13 133 14
128 20 139 20
129 5 140 5
129 40 140 40
129 44 134 45
130 11 141 11
130 12 141 12
130 15 141 15
130 16 135 17
130 18 141 18
130 28 141 28
130 52 141 52
130 57 135 58
131 25 142 25
131 26 142 26
131 30 142 30
131 53 134 55
132 3 143 3
132 4 143 4
132 21 143 21
132 22 143 22
132 27 143 27
132 59 143 59
133 0 144 0
133 46 144 46
133 50 144 50
134 9 139 10
134 14 145 14
134 38 145 38
134 51 145 51
135 13 146 13
135 23 146 23
135 29 146 29
135 33 137 36
135 39 146 39
135 44 140 45
135 48 146 48
135 53 137 56
136 1 147 1
136 2 147 2
136 16 147 16
136 17 147 17
136 43 147 43
136 57 141 58
137 6 140 8
137 31 148 31
137 47 148 47
138 33 149 33
138 34 141 36
138 53 143 54
139 19 150 19
139 55 150 55
140 9 151 9
140 20 151 20
141 7 146 8
141 37 152 37
141 40 144 42
141 44 152 44
141 45 152 45
141 56 152 56
142 11 147 12
142 15 153 15
142 28 153 28
142 34 153 34
142 35 153 35
142 52 153 52
142 57 147 58
143 6 154 6
143 18 154 18
143 24 148 25
143 30 154 30
143 32 154 32
144 3 149 4
144 21 149 22
144 27 155 27
144 53 149 54
145 40 150 41
145 50 156 50
146 51 157 51
146 59 157 59
147 8 158 8
147 39 158 39
147 48 158 48
148 1 153 2
148 5 159 5
148 11 159 11
148 16 153 17
148 42 159 42
148 43 159 43
148 46 159 46
148 57 153 58
149 10 160 10
149 14 160 14
149 23 152 25
149 47 160 47
150 33 161 33
150 53 155 54
151 22 162 22
151 40 156 41
151 55 162 55
152 19 155 21
152 31 163 31
153 4 164 4
153 23 156 25
153 44 158 45
153 56 164 56
154 1 165 1
154 2 165 2
154 7 165 7
154 15 157 17
154 28 165 28
154 29 165 29
154 34 159 35
154 37 165 37
154 52 165 52
154 57 165 57
154 58 165 58
155 32 166 32
155 49 166 49
156 26 161 27
156 53 167 53
156 54 167 54
157 12 168 12
157 23 168 23
157 24 162 25
157 36 168 36
157 40 162 41
158 13 169 13
158 15 161 17
158 18 163 19
158 50 163 51
158 59 169 59
159 8 170 8
159 44 164 45
159 48 170 48
160 5 171 5
160 11 171 11
160 34 171 34
160 35 171 35
160 46 171 46
161 10 172 10
161 14 172 14
161 38 166 39
162 9 173 9
162 15 165 17
162 20 167 21
162 33 173 33
163 24 168 25
163 27 174 27
163 40 174 40
163 41 174 41
164 50 175 50
164 51 175 51
165 4 176 4
165 22 176 22
165 30 170 31
165 42 168 44
165 45 176 45
165 55 170 56
166 0 169 2
166 7 177 7
166 15 168 18
166 28 171 29
166 52 177 52
166 58 177 58
167 32 178 32
167 37 178 37
167 39 178 39
167 47 178 47
167 49 178 49
168 19 173 20
168 54 179 54
170 0 175 1
171 15 176 16
171 23 176 24
171 43 176 44
172 5 177 6
172 11 175 13
172 28 174 31
172 34 175 36
174 8 177 10
174 18 177 20
174 25 179 26
174 55 179 56
175 27 177 30
175 40 178 42
177 14 179 17
178 0 178 11
178 18 179 23
179 27 179 38
