6 31 5
11 72 26
0 0 1
x
12 90 21
5 23 38
x
1 0 2
2 0 26
x
6 42 16
0 88 14
x
4 67 18
9 6 3
11 55 20
12 6 0
1 90 18
8 48 40
13 20 28
15 21 14
x
x
4 7 3
12 82 19
8 7 1
x
x
6 23 38
10 65 1
14 83 16
12 68 27
9 56 21
15 92 40
3 0 23
1 67 26
x
8 79 39
5 96 9
x
13 95 41
10 12 7
1 38 20
14 94 41
11 7 2
10 66 18
11 23 39
12 98 24
6 71 39
2 27 5
4 0 18
13 47 10
4 12 28
8 81 8
3 83 35
9 87 8
15 64 6
7 51 43
5 0 0
6 0 0
13 11 7
3 48 2
0 77 10
5 73 11
9 90 14
7 59 27
7 0 27
0 62 44
x
8 0 19
5 60 20
x
2 54 21
x
x
10 22 12
2 95 42
12 7 23
11 49 0
13 72 7
13 44 22
7 93 25
x
0 38 6
1 83 15
x
9 0 28
x
3 97 20
14 9 4
7 74 9
11 12 10
4 53 41
12 36 26
2 11 11
1 40 14
x
15 55 25
6 87 28
6 34 34
15 39 16
9 66 41
8 14 8
2 70 13
x
4 45 17
0 30 38
5 74 28
15 98 25
8 9 4
12 12 30
x
2 85 3
1 21 14
5 10 5
12 96 9
3 25 29
15 74 28
x
5 15 8
13 21 15
x
3 90 38
9 24 15
4 29 16
3 26 27
14 1 19
x
3 78 0
15 24 1
x
4 83 33
10 0 0
7 35 19
11 0 15
12 0 29
13 0 1
14 0 2
x
1 30 6
9 50 6
4 78 29
4 90 29
x
6 58 44
3 38 35
13 82 39
3 36 15
9 72 17
8 31 21
11 89 20
10 76 31
x
15 0 24
11 8 24
2 86 12
x
1 78 11
10 45 34
4 70 13
12 62 42
2 22 16
6 74 25
5 45 35
15 13 29
0 43 7
15 96 13
1 47 21
11 13 31
2 71 18
x
2 57 28
2 37 33
12 23 32
x
x
14 55 43
1 53 24
8 66 1
1 42 27
0 57 34
1 8 5
7 26 36
1 13 32
3 10 44
9 68 28
13 76 18
10 28 39
3 45 36
x
0 91 21
8 58 24
8 56 25
12 29 37
0 50 19
7 69 32
6 76 11
15 50 35
4 14 30
8 75 7
2 72 34
2 12 31
9 79 29
11 57 20
x
2 74 12
0 83 35
3 86 8
10 69 5
10 35 31
0 72 23
x
x
x
x
3 28 2
5 27 23
8 92 16
x
5 5 25
15 41 7
11 42 8
13 1 18
x
4 98 22
6 52 42
9 31 43
x
4 34 37
14 14 19
x
3 63 4
14 3 19
5 33 44
13 26 38
x
0 16 31
x
8 26 17
14 60 27
9 58 25
6 16 29
x
9 43 27
0 32 21
11 34 0
14 86 33
3 73 44
1 80 18
7 84 30
14 15 9
7 6 41
1 71 19
0 79 30
3 17 19
1 98 42
8 84 43
10 40 22
x
x
6 67 29
14 32 30
14 68 30
x
2 30 13
14 49 39
4 64 40
13 32 1
1 33 20
5 90 24
8 97 15
2 47 40
x
0 48 33
3 2 19
11 91 31
10 81 17
x
5 37 43
0 2 17
9 33 2
15 15 27
9 15 33
5 68 14
x
8 2 23
12 15 38
x
x
12 49 38
1 2 34
7 21 34
6 27 40
8 60 34
10 70 16
11 2 1
2 49 15
5 39 31
x
14 40 8
5 82 12
x
10 55 36
x
6 38 32
7 37 37
12 24 17
8 41 9
11 79 24
6 46 38
3 19 9
9 64 31
3 33 21
6 90 32
15 29 39
8 3 20
11 68 33
x
1 85 1
x
15 16 10
9 3 18
2 39 28
x
12 64 31
12 8 24
11 51 39
13 68 32
4 84 36
15 43 9
12 77 10
15 88 3
6 18 10
7 63 7
2 79 26
5 77 24
12 3 19
9 60 21
x
11 28 0
0 26 40
13 61 36
4 73 2
x
13 56 35
x
15 61 41
15 3 3
15 69 43
10 18 30
2 32 23
1 95 38
2 3 1
10 63 37
6 11 26
13 8 44
0 93 33
12 73 5
2 62 38
4 93 9
9 52 17
1 73 43
5 43 44
1 59 40
0 74 8
x
7 47 34
14 25 19
7 30 40
7 22 41
10 49 10
0 4 2
x
12 50 3
11 18 11
7 56 42
12 33 15
13 41 39
2 67 7
14 78 11
4 49 10
1 16 11
6 78 25
1 35 22
7 13 32
6 98 3
15 9 25
11 37 22
x
13 16 32
15 36 17
x
9 95 4
x
11 52 4
x
10 19 33
x
x
12 92 43
x
0 11 6
x
10 86 2
5 48 43
5 93 44
x
3 50 5
1 51 26
4 4 20
5 1 35
13 91 5
14 42 24
x
9 75 32
2 90 10
14 51 34
12 42 11
3 53 11
7 40 12
0 52 28
15 45 29
5 71 7
4 41 44
3 65 6
x
12 58 0
0 67 39
4 18 12
8 19 31
15 26 15
0 84 44
1 4 4
15 4 6
8 36 23
10 5 2
4 85 12
x
10 73 9
10 51 13
5 20 18
x
x
5 63 40
x
2 16 35
6 93 11
x
11 94 12
x
x
11 46 25
3 6 20
7 31 40
4 62 27
11 71 8
7 3 21
9 41 37
1 5 22
x
8 62 22
11 84 12
x
0 9 6
6 49 20
8 52 35
1 26 34
x
x
x
10 20 32
x
x
x
3 71 14
12 44 17
x
x
x
13 35 43
3 42 41
3 30 16
x
6 8 23
5 29 36
11 61 41
13 5 14
6 6 9
8 45 21
2 8 38
11 77 4
x
1 49 12
5 84 2
13 63 42
5 57 27
9 36 44
13 49 29
14 36 33
2 68 8
6 83 26
13 79 34
10 79 28
2 81 24
10 10 42
9 18 6
7 98 6
13 28 41
2 51 0
9 84 23
15 30 41
11 30 42
13 36 23
4 57 36
9 54 22
5 51 27
x
7 79 13
3 67 36
2 17 12
12 18 13
14 45 3
7 7 3
7 88 13
0 37 5
3 95 22
0 20 14
2 76 36
9 40 26
1 37 7
7 72 30
1 88 12
14 28 42
x
10 94 20
12 45 4
4 38 30
7 66 10
1 28 15
14 62 29
9 48 35
2 44 21
4 81 30
x
x
10 80 16
x
x
10 37 24
9 19 19
x
x
10 11 4
10 58 36
9 37 42
x
13 54 42
1 62 37
7 8 6
8 21 16
6 56 0
10 83 37
6 85 31
x
x
6 13 39
5 35 25
0 21 13
x
0 41 40
1 55 5
9 22 37
4 24 17
14 72 33
12 53 37
15 57 37
3 58 30
x
10 96 13
x
14 91 18
x
x
14 20 14
6 63 23
12 59 6
3 13 25
5 30 7
15 84 25
x
x
10 89 3
14 64 14
0 98 26
8 72 11
x
12 87 25
8 88 3
10 32 8
x
11 16 22
2 35 26
9 11 26
13 86 4
x
14 7 36
15 79 6
15 5 15
14 76 35
10 24 33
8 22 33
5 53 5
7 44 22
5 87 4
x
5 8 37
x
x
x
7 17 34
x
9 29 17
4 82 32
3 24 20
15 32 43
